 T:  <E>: <|M|>: C_V: Chi: 
                   2        -17455.70888         9113.415099         7252.763837         3821.564274
                2.01        -17381.91441         9079.099885         7451.125376         4198.202527
                2.02        -17307.48019         9044.826159          7656.12128         4538.510025
                2.03        -17228.79856         9006.604547         7871.271021         4892.331572
                2.04        -17150.23725         8969.012774         8014.178666         5271.168737
                2.05        -17068.49394         8928.420798            8315.716         5790.126034
                2.06        -16972.14818         8776.544078         10380.57483          389171.367
                2.07        -16896.62576         8839.585642          8763.49722         6977.076246
                2.08        -16807.60745         8791.613984         9035.733902         7743.240331
                2.09        -16715.84956         8741.765411         9310.329402         8424.478524
                 2.1        -16619.85137         8686.487375          9624.71524         9552.471635
                2.11        -16523.07854         8630.177727         10003.00991         10720.89822
                2.12         -16419.6254         8566.557477          10307.9943         12120.99948
                2.13        -16318.07482         8504.295867          10603.8905         13945.89338
                2.14        -16210.03873         8434.600078         11011.64234          15645.8808
                2.15        -16097.11911         8356.505172          11414.3966          18549.7507
                2.16        -15981.62306         8274.470969          11833.3222         21736.98409
                2.17        -15861.14631         8186.171411         12297.23158         25232.92108
                2.18        -15740.58769          8096.17726         12728.58231         28795.45191
                2.19        -15598.83553         7965.248519         13675.40976         41616.38391
                 2.2        -15466.55779         7852.740617         14166.06709          50356.9763
                2.21        -15309.90822         7677.773634         15266.71245         76820.55832
                2.22        -15170.27479         7547.224613         15724.24235         89254.11087
                2.23        -15002.87136         7341.938537         16602.10176         111674.2597
                2.24         -14830.3047         7095.509534         18317.08073         184280.6275
                2.25        -14632.36142         6735.500571         20266.23973         361038.1151
                2.26        -14425.82285         6311.748259          21671.3959         554354.6521
                2.27        -14218.06759         5844.228076         23108.11797          786692.305
                2.28        -13928.18589         4751.437296          25170.5275         1451522.825
                2.29        -13694.02903         4011.111258         23501.53142         1485649.773
                 2.3        -13478.75067         3360.639897         20789.26946         1415202.225
                2.31         -13276.1655         2669.948545         18244.59676         1144244.258
                2.32        -13104.27572          2291.62882         16978.61853         980061.6706
                2.33         -12937.2254         1885.884679         15301.01325         735392.5554
                2.34        -12789.92725         1634.992494         14081.46188         563834.3668
                2.35        -12659.94669         1575.711089         13843.73316         535855.0143
                2.36        -12521.64249         1336.511075         12890.63491         404637.6216
                2.37        -12394.20874         1269.088828         12546.26111          357588.686
                2.38        -12273.61627         1177.233059         12017.54279         309467.2421
                2.39        -12152.78684           1064.6396         11518.26004         263069.6485
                 2.4        -12039.67975         1010.182716         11241.65129         234050.8325
                2.41        -11928.37524         943.0927779         10939.78304            203914.4
                2.42        -11820.80556          886.350796         10584.00822         182256.9646
                2.43        -11716.09391         843.4818191         10223.38678         157220.5193
                2.44          -11619.597         810.3603598         10061.85841         150747.3484
                2.45        -11517.55552         764.9259839         9709.999375         134282.9459
                2.46        -11422.29736         739.2036764         9471.803072         124086.7447
                2.47        -11331.02999          711.153608           9285.3764         117035.1876
                2.48        -11237.61313         677.8447779         9018.710207         103013.7004
                2.49        -11147.40113         654.0652945         8851.657213         97235.73507
