 T:  <E>: <|M|>: C_V: Chi: 
                   2        -2792.740848         1458.036619         1158.849584         619.6033054
         2.009803922        -2781.573331         1453.032581         1185.916286         654.3761931
         2.019607843        -2769.386436         1447.215914         1223.463327         719.0322314
         2.029411765        -2757.634854         1441.628306         1257.216218         781.7715198
         2.039215686        -2745.104366         1435.437409         1296.068384         857.1134666
         2.049019608        -2732.157628         1429.057721         1326.665856         943.4432438
         2.058823529        -2719.298271         1422.553311         1363.807841         996.1134766
         2.068627451         -2705.33672         1415.376275          1403.20708         1091.126398
         2.078431373        -2691.520864         1408.093644         1440.423224         1188.259557
         2.088235294        -2675.987083          1398.68876         1500.429513         1458.035083
         2.098039216        -2662.350537         1391.739684         1532.017903         1482.554949
         2.107843137        -2647.197713          1383.14282         1570.139031         1621.028009
         2.117647059        -2630.861142         1373.117296          1629.19099         1821.334548
          2.12745098        -2614.860921         1363.038245          1681.69014         2155.090252
         2.137254902        -2597.809009          1351.16638         1768.183703         2813.009218
         2.147058824        -2580.746492          1340.51724         1818.864322         2846.818325
         2.156862745        -2562.766207         1327.415389         1877.147792         3528.504668
         2.166666667        -2545.161234         1316.747532         1916.549134         3366.653462
         2.176470588        -2524.771148         1299.131451         2035.393821         4589.530004
          2.18627451        -2504.508985         1283.124436         2107.088601         5233.024152
         2.196078431        -2483.041134         1263.436533         2209.874116         6903.484981
         2.205882353        -2460.378062         1242.101602         2318.000523         8231.845614
         2.215686275        -2438.137737         1219.842846         2439.917041         10812.88613
         2.225490196        -2413.918689         1194.299232         2557.711455         12757.93889
         2.235294118        -2389.101077         1165.967881         2668.554448         15390.04879
         2.245098039        -2358.396848         1117.140643         2904.418076         23979.47057
         2.254901961         -2334.63325         1095.607694         2921.807262          23069.6915
         2.264705882        -2302.396515         1041.457232         3045.916104         30056.15072
         2.274509804        -2267.056261         975.1228382         3238.334827          39300.8242
         2.284313725        -2238.820816         933.4437487          3231.49711         41568.24749
         2.294117647        -2211.412064         896.1114734         3180.425685         41848.78173
         2.303921569        -2174.636784         816.3780121          3225.11454          49217.5152
          2.31372549        -2145.881942         767.8857347         3108.915738         49439.78288
         2.323529412        -2114.644486          707.716597         2899.815591         48068.22228
         2.333333333        -2088.911477         661.2952462         2840.942436         48353.07376
         2.343137255         -2062.26636         618.1123116         2665.372032         46030.47285
         2.352941176        -2034.901118          564.838991         2517.662005           44093.498
         2.362745098        -2012.160607         527.8390894         2396.361837         41706.19085
          2.37254902        -1989.764008         490.0044623         2250.462251         38588.42732
         2.382352941        -1966.864567         451.6982854         2096.534528          34538.6279
         2.392156863        -1947.455345         427.9926251         1989.194419          32006.4412
         2.401960784        -1928.922074         404.2401809         1936.316252         30166.16578
         2.411764706        -1910.509174         383.5020121         1837.158167         27355.81966
         2.421568627        -1891.654505         360.6130874         1759.383081         24824.64441
         2.431372549        -1875.102179         340.3485568         1696.635891         22608.21925
         2.441176471         -1858.18439          323.831803         1634.406949          20869.3967
         2.450980392        -1842.086722         305.5994251         1581.197523         18991.03879
         2.460784314        -1828.303582         299.7144884         1549.633529         18476.60836
         2.470588235        -1812.674287         286.1453266          1501.15792         16768.35248
         2.480392157        -1798.154291         277.0946291         1466.471661         16142.78173
         2.490196078        -1784.761286         267.7873005         1421.939464         14713.31485
