 T:  <E>: <|M|>: C_V: Chi: 
                   2        -6283.546404          3280.50481         2611.424985         1379.354957
                2.01        -6257.331369         3268.484641         2680.277888         1492.004983
                2.02        -6230.619634         3255.979158         2749.002518         1621.875128
                2.03        -6202.730492         3242.613992          2838.42598         1782.047336
                2.04        -6173.888575         3228.964728         2894.821412         1879.506486
                2.05        -6144.365946         3213.952724         2992.433348         2094.248417
                2.06        -6114.539321         3199.029465         3080.786061         2282.199553
                2.07        -6083.071719         3182.595469         3159.488393         2492.090767
                2.08        -6051.113873         3165.259956         3247.282177         2728.061106
                2.09        -6018.051715         3147.222428         3346.583769         3021.383825
                 2.1         -5983.30525          3127.49754         3468.554967         3445.194546
                2.11        -5948.694332         3107.045797         3589.497245         3886.521968
                2.12        -5911.644953         3084.329077         3690.402138         4418.667205
                2.13        -5874.151083         3062.050551         3797.967988         4624.726897
                2.14        -5835.146633         3035.518846         3951.407009         5661.432539
                2.15        -5795.280527         3008.661349          4128.12034         6557.211752
                2.16        -5752.390251         2977.866597         4254.214888         7489.329676
                2.17        -5709.753286         2946.324953         4449.233815         8994.075386
                2.18        -5664.282577         2910.925893         4646.534169         10563.79572
                2.19        -5617.405797         2870.664263         4777.788912         13179.94085
                 2.2        -5567.056382         2820.257656         5172.205119         22314.03244
                2.21        -5518.075329         2780.639934          5264.80607          20008.9305
                2.22        -5462.192848         2722.109104         5603.603379         28073.27828
                2.23        -5402.290448         2641.676639         6029.956388         42544.22243
                2.24        -5329.278111         2517.344012         6777.054298         82109.53678
                2.25        -5276.596173         2475.178569         6744.499631         70435.16976
                2.26        -5197.536736         2319.597417         7465.750485          113923.488
                2.27        -5123.412032         2180.013059         7693.479091         141819.1095
                2.28        -5046.182774         1996.253254         7977.094424         184398.4547
                2.29        -4957.987662         1778.581572         7877.282472          216449.615
                 2.3         -4886.30285         1611.558412         7617.277764          231084.505
                2.31        -4811.306561         1438.004107         7079.303447         219269.7674
                2.32        -4744.239079         1289.123331         6672.263572         209138.4438
                2.33        -4678.770657         1135.041542         6171.437131         191826.4296
                2.34        -4616.888378         987.3947055         5564.188968         165094.7584
                2.35        -4563.530613         908.0320965         5350.118885         150977.8379
                2.36        -4515.524197         832.1514673         4931.513002          131602.328
                2.37        -4468.173363          771.472404         4684.714059         115077.9223
                2.38        -4422.360507         707.3367819         4458.857098         100890.4849
                2.39        -4379.962231         666.7276683         4271.222366         91386.45649
                 2.4        -4336.252088         619.2128583         4132.979902         79808.88286
                2.41        -4294.793077         571.0752844         3955.360539         69536.81373
                2.42        -4256.051658         539.6333146          3819.57644         63092.50797
                2.43        -4217.572937         508.4638332         3694.523017         55653.08128
                2.44        -4182.031698         497.2342874         3607.247848         52744.39292
                2.45        -4146.220406          461.609208         3501.758395         47643.76671
                2.46        -4112.068117         448.9396221         3411.078005         43877.83784
                2.47        -4079.270163         432.3618472         3342.143637         41097.06697
                2.48        -4045.295735         406.9495377         3248.137058         36909.63286
                2.49         -4013.93928         398.4368603          3178.73918         34553.29751
