 T:  <E>: <|M|>: C_V: Chi: 
                   2        -11171.50995         5832.298627         4650.761985         2487.424808
         2.009803922        -11124.99458         5810.825514         4782.368513         2676.440973
         2.019607843        -11078.70476         5789.636683         4874.158348         2859.413368
         2.029411765        -11029.73516         5766.551524         4995.220344         3057.349112
         2.039215686        -10980.14702         5741.893431         5131.226125         3382.558974
         2.049019608        -10928.60835         5716.266909         5341.572612         3690.236414
         2.058823529        -10876.64438         5690.453343         5430.524804         3949.659972
         2.068627451        -10820.88421         5660.597327         5621.256801         4478.517396
         2.078431373        -10765.65524         5631.540344         5776.902367         4855.181676
         2.088235294        -10708.87147         5600.453343         5946.222558         5386.406542
         2.098039216        -10649.32825         5566.618965         6147.026496         6012.121858
         2.107843137        -10589.48243         5532.581966         6294.486598         6517.594859
         2.117647059        -10525.37182         5493.515606         6530.172278         7466.769641
          2.12745098        -10460.43973         5453.234207         6765.453419         8602.757714
         2.137254902        -10392.30981         5409.740758         6950.776184         9882.597735
         2.147058824        -10323.48198         5364.015701         7168.812992            10699.34
         2.156862745        -10251.39042         5312.202119         7532.189502         13550.16949
         2.166666667        -10177.10226         5258.825272         7739.881548         14874.29958
         2.176470588        -10100.10315          5198.83351         8120.846672         18605.19567
          2.18627451        -10018.64226         5132.630798          8496.44492         21311.34005
         2.196078431        -9931.705246         5051.580742         8906.538365         29169.81649
         2.205882353        -9843.610818         4967.666314         9372.608983         38513.44842
         2.215686275        -9744.601701         4857.812267         9837.251259         51318.61168
         2.225490196        -9649.622139         4765.823682         10402.90127         57671.65528
         2.235294118        -9539.267916         4588.729339         11622.24048          129788.767
         2.245098039        -9434.467007          4450.84038         12038.52184         163648.4395
         2.254901961        -9290.438525         4132.288312         13767.60725         297312.1347
         2.264705882        -9165.725427         3910.945924         14365.53816         352471.0662
         2.274509804        -9031.268084         3593.567668         14877.55525         479529.7065
         2.284313725        -8864.848973         3030.380185         15222.26181         684499.6253
         2.294117647         -8705.18564         2522.537192           13846.125         668723.8625
         2.303921569        -8601.254408         2306.494066         12879.26933         650578.2359
          2.31372549        -8467.705914         1943.285071         11831.23594         556950.6847
         2.323529412        -8359.804985         1680.505461          10614.3473         472333.2889
         2.333333333        -8257.710396           1458.7824         9823.150366         395668.7728
         2.343137255        -8166.141198         1320.456533         9371.668867         349909.1285
         2.352941176        -8073.605311         1193.829089         8759.054564         291148.4258
         2.362745098        -7993.889379         1090.558671         8381.464303         256566.3098
          2.37254902        -7914.167932         997.4879377         8002.384038         220038.7958
         2.382352941         -7840.87278         947.2304965         7733.452237         196794.9069
         2.392156863         -7763.04683         865.5581166         7402.558254         167202.3952
         2.401960784        -7690.974103         792.8009045         7145.291982         140331.5235
         2.411764706        -7623.316297         752.4257608         6933.583403         126220.9605
         2.421568627        -7554.661516         703.8941407         6649.329201         110920.0157
         2.431372549        -7490.442907         668.2585045         6544.805442          100140.121
         2.441176471        -7425.472181         635.2621226         6385.311355         91869.22445
         2.450980392        -7366.546758         616.7232241         6207.093463         85986.90682
         2.460784314        -7304.028864          588.389807         6058.354198           78407.716
         2.470588235        -7246.475059         579.5767176         5864.208651         75150.84804
         2.480392157        -7188.504659         542.3576663          5767.03724         66330.14806
         2.490196078        -7133.005138         512.7929166         5647.456448         60126.95077
